Inputs:100000 0.001000 15000 0.100000 40000 0.001000
0.000000 11.004082 11.535890 10.290000 0.131908 0.122006
1000.000000 0.089593 0.160498 95.020004 0.105828 0.114782
2000.000000 0.175654 0.122183 96.060005 0.106842 0.115280
3000.000000 0.202785 0.094746 97.080002 0.100361 0.115054
4000.000000 0.095706 0.088989 97.199997 0.133998 0.115576
5000.000000 0.008371 0.081826 97.430000 0.107320 0.115193
6000.000000 0.033861 0.064890 98.089996 0.107004 0.114855
7000.000000 0.015314 0.064659 97.799995 0.110232 0.114971
8000.000000 0.080184 0.064164 97.970001 0.112656 0.115220
9000.000000 0.002963 0.067384 97.970001 0.107318 0.114872
10000.000000 0.039848 0.057243 98.269997 0.121738 0.114718
11000.000000 0.036592 0.063466 98.070000 0.095822 0.115217
12000.000000 0.086149 0.051543 98.459999 0.119180 0.114880
13000.000000 0.000917 0.055807 98.299995 0.106749 0.114744
14000.000000 0.001790 0.055584 98.360001 0.116558 0.114785
15000.000000 0.017194 0.059695 98.360001 0.114513 0.115224
16000.000000 0.012534 0.060795 98.269997 0.108308 0.115843
17000.000000 0.048626 0.057960 98.430000 0.016524 0.017833
18000.000000 0.002351 0.053982 98.409996 0.010812 0.010190
19000.000000 0.246806 0.051666 98.500000 0.009440 0.008610
20000.000000 0.006487 0.064694 98.229996 0.005694 0.007917
21000.000000 0.000142 0.052803 98.639999 0.006704 0.007584
22000.000000 0.069213 0.053514 98.599998 0.006446 0.007139
23000.000000 0.357474 0.049679 98.589996 0.006179 0.007334
24000.000000 0.005774 0.047328 98.610001 0.005656 0.006886
25000.000000 0.005658 0.045487 98.729996 0.006876 0.006905
26000.000000 0.000038 0.046176 98.650002 0.006826 0.006553
27000.000000 0.008509 0.050215 98.529999 0.006830 0.006655
28000.000000 0.034087 0.049775 98.549995 0.005491 0.006583
29000.000000 0.000196 0.047061 98.709999 0.005178 0.006588
30000.000000 0.003327 0.054091 98.619995 0.006185 0.006416
31000.000000 0.004423 0.050390 98.699997 0.005729 0.006415
32000.000000 0.009542 0.046611 98.779999 0.004950 0.006126
33000.000000 0.003759 0.045603 98.809998 0.005059 0.006097
34000.000000 0.010212 0.050437 98.479996 0.005871 0.005974
35000.000000 0.000189 0.051513 98.650002 0.005061 0.006216
36000.000000 0.004431 0.052015 98.650002 0.006318 0.006113
37000.000000 0.048278 0.049794 98.650002 0.005616 0.006118
38000.000000 0.000037 0.045994 98.830002 0.005294 0.006011
39000.000000 0.000228 0.057101 98.409996 0.005126 0.005983
40000.000000 0.001746 0.049689 98.669998 0.005878 0.006037
41000.000000 0.087369 0.049191 98.760002 0.004571 0.005969
42000.000000 0.012018 0.046767 98.760002 0.004594 0.005975
43000.000000 0.048102 0.058748 98.760002 0.005350 0.005911
44000.000000 0.000846 0.049254 98.739998 0.005509 0.006133
45000.000000 0.000188 0.057025 98.699997 0.005361 0.005877
46000.000000 0.004939 0.049054 98.669998 0.006110 0.006257
47000.000000 0.000131 0.055645 98.659996 0.004930 0.005920
48000.000000 0.013730 0.057305 98.659996 0.004912 0.006001
49000.000000 0.000105 0.061656 98.709999 0.005170 0.005999
50000.000000 0.000522 0.055656 98.779999 0.005182 0.005961
51000.000000 0.000471 0.063156 98.729996 0.004682 0.005789
52000.000000 0.000002 0.059020 98.729996 0.004990 0.005686
53000.000000 0.000011 0.057463 98.820000 0.004281 0.005787
54000.000000 0.000030 0.061510 98.779999 0.004942 0.005692
55000.000000 0.004647 0.066922 98.449997 0.005217 0.006014
56000.000000 0.001015 0.052725 98.790001 0.005242 0.005928
57000.000000 0.003080 0.068348 98.790001 0.004820 0.005891
58000.000000 0.000015 0.051235 98.669998 0.005738 0.005924
59000.000000 0.001327 0.060772 98.629997 0.004620 0.005953
60000.000000 0.015085 0.060621 98.799995 0.005014 0.005901
61000.000000 0.001790 0.058315 98.769997 0.005107 0.005698
62000.000000 0.000051 0.055810 98.849998 0.004822 0.005964
63000.000000 0.001012 0.058122 98.729996 0.004871 0.005842
64000.000000 0.004063 0.071690 98.699997 0.004701 0.005708
65000.000000 0.000872 0.053989 98.849998 0.004424 0.005633
66000.000000 0.000007 0.062223 98.900002 0.004689 0.005621
67000.000000 0.000008 0.059896 98.790001 0.005092 0.005992
68000.000000 0.013468 0.059125 98.909996 0.004300 0.005746
69000.000000 0.000003 0.057844 98.979996 0.004780 0.005471
70000.000000 0.002968 0.059800 98.769997 0.004351 0.005502
71000.000000 0.000140 0.060942 98.919998 0.004422 0.005590
72000.000000 0.000133 0.057941 98.830002 0.004502 0.005777
73000.000000 0.000253 0.071359 98.629997 0.005191 0.005682
74000.000000 0.000043 0.052921 98.750000 0.005127 0.005643
75000.000000 0.000001 0.066633 98.689995 0.005163 0.005788
76000.000000 0.000096 0.065166 98.940002 0.004802 0.005570
77000.000000 0.000076 0.069517 98.659996 0.005015 0.006114
78000.000000 0.000010 0.070755 98.750000 0.005322 0.005693
79000.000000 0.001389 0.059007 98.720001 0.005242 0.005616
80000.000000 0.000004 0.064302 98.790001 0.005112 0.006297
81000.000000 0.000695 0.059121 98.919998 0.004955 0.005578
82000.000000 0.000030 0.061675 98.869995 0.004466 0.005884
83000.000000 0.000160 0.064336 98.570000 0.005056 0.006062
84000.000000 0.000032 0.063847 98.900002 0.005805 0.005824
85000.000000 0.056756 0.067125 98.849998 0.004725 0.005913
86000.000000 0.000046 0.067914 98.709999 0.004194 0.005584
87000.000000 0.000000 0.066917 98.809998 0.004566 0.005663
88000.000000 0.000000 0.072951 98.930000 0.004234 0.005605
89000.000000 0.001511 0.074069 98.720001 0.005812 0.006150
90000.000000 0.001007 0.059717 99.019997 0.004706 0.005746
91000.000000 0.000001 0.065002 98.889999 0.004534 0.005822
92000.000000 0.000000 0.062030 98.940002 0.004491 0.005835
93000.000000 0.000000 0.077126 98.940002 0.005298 0.005521
94000.000000 0.000026 0.070566 98.949997 0.004791 0.005547
95000.000000 0.000346 0.068636 98.889999 0.005071 0.005582
96000.000000 0.000017 0.063045 98.760002 0.004382 0.005529
97000.000000 0.000012 0.069427 98.769997 0.004929 0.005601
98000.000000 0.000301 0.064116 98.889999 0.004493 0.005520
99000.000000 0.000447 0.060564 99.049995 0.004513 0.005524

Inputs:100000 0.001000 15000 10.000000 40000 0.001000
0.000000 8.947170 9.428951 11.070000 0.119081 0.118811
1000.000000 0.070927 0.097183 96.910004 0.110174 0.104710
2000.000000 0.050409 0.067198 97.649994 0.096807 0.099662
3000.000000 0.035110 0.049094 98.379997 0.094112 0.099235
4000.000000 0.151182 0.046606 98.250000 0.096677 0.096492
5000.000000 0.003572 0.042663 98.479996 0.093957 0.092514
6000.000000 0.014307 0.056445 98.259995 0.092894 0.096098
7000.000000 0.001266 0.034787 98.839996 0.101696 0.093126
8000.000000 0.040972 0.036325 98.739998 0.085261 0.091353
9000.000000 0.153763 0.042721 98.580002 0.098297 0.096248
10000.000000 0.154009 0.038027 98.689995 0.083133 0.093096
11000.000000 0.001175 0.038695 98.830002 0.087972 0.090334
12000.000000 0.000360 0.040616 98.830002 0.094157 0.093105
13000.000000 0.100081 0.042388 98.709999 0.092034 0.088787
14000.000000 0.061046 0.035020 98.709999 0.080757 0.085024
15000.000000 0.002530 0.030699 98.989998 0.084978 0.088135
16000.000000 0.005836 0.035687 98.869995 0.004931 0.005229
17000.000000 0.001372 0.032418 98.900002 0.004550 0.003896
18000.000000 0.000081 0.034073 98.869995 0.004010 0.003586
19000.000000 0.000799 0.034193 98.839996 0.003228 0.003286
20000.000000 0.015569 0.038269 98.889999 0.002831 0.003161
21000.000000 0.004465 0.033534 98.900002 0.003526 0.003204
22000.000000 0.000275 0.039144 98.869995 0.003000 0.003078
23000.000000 0.000587 0.032189 99.089996 0.002805 0.002899
24000.000000 0.036858 0.039367 98.860001 0.002949 0.002877
25000.000000 0.002041 0.037917 98.909996 0.002302 0.002854
26000.000000 0.001389 0.037852 98.879997 0.002344 0.002865
27000.000000 0.000073 0.035307 99.010002 0.002505 0.002777
28000.000000 0.005555 0.047648 98.720001 0.002657 0.002818
29000.000000 0.001528 0.036321 99.059998 0.002897 0.002759
30000.000000 0.001525 0.043956 98.930000 0.003044 0.002821
31000.000000 0.000357 0.041149 98.909996 0.002440 0.002654
32000.000000 0.053620 0.034262 99.129997 0.002177 0.002658
33000.000000 0.000246 0.040278 98.900002 0.002176 0.002611
34000.000000 0.002741 0.035804 99.010002 0.002413 0.002752
35000.000000 0.000119 0.033875 99.099998 0.002274 0.002610
36000.000000 0.000007 0.046460 98.869995 0.002055 0.002655
37000.000000 0.001046 0.040117 98.970001 0.002586 0.002595
38000.000000 0.000000 0.036684 99.070000 0.002257 0.002508
39000.000000 0.000045 0.042022 98.949997 0.002135 0.002655
40000.000000 0.000098 0.042022 98.940002 0.001967 0.002529
41000.000000 0.002696 0.040275 99.080002 0.002423 0.002601
42000.000000 0.000005 0.036537 99.049995 0.002094 0.002546
43000.000000 0.012356 0.049364 99.019997 0.002425 0.002609
44000.000000 0.000012 0.050178 98.820000 0.002354 0.002612
45000.000000 0.000083 0.046809 98.839996 0.002284 0.002568
46000.000000 0.006324 0.042801 99.019997 0.002017 0.002528
47000.000000 0.000003 0.042449 99.019997 0.002323 0.002501
48000.000000 0.000666 0.059315 98.809998 0.002249 0.002537
49000.000000 0.000051 0.047005 98.919998 0.002065 0.002464
50000.000000 0.000018 0.055546 98.909996 0.001782 0.002377
51000.000000 0.000000 0.045463 99.010002 0.002054 0.002463
52000.000000 0.000003 0.056928 98.900002 0.002185 0.002461
53000.000000 0.000073 0.053647 98.959999 0.002861 0.002651
54000.000000 0.002015 0.048090 98.979996 0.002223 0.002457
55000.000000 0.000009 0.049700 98.959999 0.002365 0.002555
56000.000000 0.000019 0.056744 98.949997 0.001819 0.002550
57000.000000 0.000001 0.046342 98.979996 0.002086 0.002415
58000.000000 0.000000 0.064192 98.869995 0.002445 0.002623
59000.000000 0.000034 0.059502 98.869995 0.002375 0.002464
60000.000000 0.000001 0.060279 98.919998 0.002029 0.002461
61000.000000 0.000001 0.053416 98.949997 0.002236 0.002375
62000.000000 0.004778 0.056711 99.029999 0.002128 0.002376
63000.000000 0.000018 0.055718 99.059998 0.002237 0.002488
64000.000000 0.000000 0.066867 98.900002 0.002034 0.002660
65000.000000 0.001436 0.064800 99.070000 0.002412 0.002586
66000.000000 0.000545 0.063371 99.059998 0.002098 0.002496
67000.000000 0.000038 0.055876 98.930000 0.002456 0.002544
68000.000000 0.000002 0.054884 99.049995 0.002197 0.002525
69000.000000 0.000000 0.062488 99.029999 0.002087 0.002404
70000.000000 0.000013 0.050721 99.110001 0.002035 0.002516
71000.000000 0.000000 0.055014 99.199997 0.002384 0.002401
72000.000000 0.002698 0.060265 99.029999 0.002556 0.002507
73000.000000 0.000000 0.058627 99.049995 0.002207 0.002477
74000.000000 0.000325 0.064212 99.129997 0.002064 0.002472
75000.000000 0.000644 0.066932 99.000000 0.002193 0.002374
76000.000000 0.000000 0.062028 99.080002 0.001790 0.002334
77000.000000 0.000093 0.074383 98.949997 0.002177 0.002611
78000.000000 0.000000 0.054119 99.010002 0.002206 0.002621
79000.000000 0.000499 0.070398 98.989998 0.002147 0.002408
80000.000000 0.000071 0.075671 98.949997 0.002235 0.002435
81000.000000 0.000025 0.062965 99.059998 0.002171 0.002540
82000.000000 0.000052 0.062798 99.049995 0.002222 0.002355
83000.000000 0.000042 0.062541 99.049995 0.001853 0.002465
84000.000000 0.000000 0.052603 99.220001 0.001860 0.002433
85000.000000 0.000001 0.051908 99.110001 0.002056 0.002473
86000.000000 0.000000 0.072774 98.849998 0.001927 0.002550
87000.000000 0.000000 0.065330 98.959999 0.002102 0.002555
88000.000000 0.000002 0.058953 99.180000 0.001918 0.002444
89000.000000 0.000000 0.078273 98.930000 0.002153 0.002714
90000.000000 0.000000 0.077244 99.029999 0.002341 0.002652
91000.000000 0.020816 0.070568 99.049995 0.001691 0.002408
92000.000000 0.000001 0.083529 98.970001 0.002236 0.002651
93000.000000 0.133858 0.056236 99.089996 0.002064 0.002450
94000.000000 0.000064 0.083972 99.000000 0.001885 0.002447
95000.000000 0.000132 0.072671 99.019997 0.002086 0.002488
96000.000000 0.000002 0.075589 99.070000 0.002085 0.002417
97000.000000 0.000000 0.071996 99.059998 0.001934 0.002427
98000.000000 0.000580 0.060703 99.199997 0.002184 0.002411
99000.000000 0.000039 0.094869 98.909996 0.002093 0.002530

Inputs:300000 0.000100 20000 1.000000 40000 0.001000
0.000000 8.054716 7.817602 12.549999 0.109144 0.115814
1000.000000 0.041673 0.092327 97.269997 0.104586 0.114241
2000.000000 0.133009 0.065728 97.790001 0.108267 0.114296
3000.000000 0.062410 0.052166 98.119995 0.104214 0.114340
4000.000000 0.023604 0.047836 98.339996 0.114267 0.114390
5000.000000 0.007775 0.037201 98.729996 0.105389 0.114373
6000.000000 0.023531 0.035762 98.779999 0.112332 0.114410
7000.000000 0.019297 0.030376 98.949997 0.118919 0.114407
8000.000000 0.016685 0.030798 98.889999 0.106292 0.114389
9000.000000 0.002742 0.027659 99.139999 0.112193 0.114404
10000.000000 0.012967 0.027316 99.070000 0.122368 0.114383
11000.000000 0.005437 0.028308 99.089996 0.105566 0.114409
12000.000000 0.051337 0.028258 99.089996 0.110563 0.114485
13000.000000 0.004753 0.028920 99.059998 0.125335 0.114423
14000.000000 0.043263 0.025490 99.139999 0.118860 0.114449
15000.000000 0.046114 0.024586 99.159996 0.107091 0.114502
16000.000000 0.000143 0.025762 99.129997 0.101626 0.114437
17000.000000 0.000466 0.028769 99.019997 0.122989 0.114450
18000.000000 0.002205 0.023448 99.220001 0.119975 0.114476
19000.000000 0.006332 0.023049 99.229996 0.116690 0.114461
20000.000000 0.002822 0.024238 99.220001 0.126580 0.114505
21000.000000 0.045712 0.025155 99.190002 0.008242 0.009067
22000.000000 0.000021 0.024197 99.089996 0.006286 0.006593
23000.000000 0.005394 0.025110 99.159996 0.006015 0.005782
24000.000000 0.002519 0.023578 99.220001 0.005380 0.005205
25000.000000 0.000400 0.026286 99.229996 0.004691 0.004876
26000.000000 0.000357 0.026949 99.099998 0.004682 0.004662
27000.000000 0.000028 0.023825 99.180000 0.004501 0.004467
28000.000000 0.000887 0.024972 99.150002 0.003669 0.003976
29000.000000 0.000619 0.023519 99.220001 0.004514 0.003851
30000.000000 0.000061 0.025716 99.260002 0.003400 0.003746
31000.000000 0.000203 0.026485 99.169998 0.003387 0.003530
32000.000000 0.000034 0.026762 99.209999 0.003554 0.003441
33000.000000 0.000111 0.027757 99.139999 0.003248 0.003373
34000.000000 0.000787 0.024187 99.250000 0.003531 0.003328
35000.000000 0.000180 0.033016 99.150002 0.003428 0.003269
36000.000000 0.003680 0.029265 99.139999 0.002456 0.002941
37000.000000 0.001617 0.030169 99.119995 0.002496 0.002882
38000.000000 0.000003 0.027925 99.199997 0.001852 0.002590
39000.000000 0.000188 0.027848 99.279999 0.002648 0.002547
40000.000000 0.000025 0.027888 99.169998 0.002674 0.002501
41000.000000 0.000006 0.030978 99.150002 0.002320 0.002504
42000.000000 0.000045 0.025935 99.220001 0.001572 0.002454
43000.000000 0.000034 0.026649 99.299995 0.001903 0.002436
44000.000000 0.000491 0.026608 99.330002 0.002264 0.002407
45000.000000 0.000007 0.028247 99.250000 0.002188 0.002397
46000.000000 0.000003 0.030362 99.190002 0.002428 0.002393
47000.000000 0.000005 0.025603 99.370003 0.002032 0.002336
48000.000000 0.000009 0.028277 99.209999 0.002335 0.002328
49000.000000 0.000064 0.026531 99.239998 0.002158 0.002324
50000.000000 0.000001 0.028460 99.229996 0.001832 0.002294
51000.000000 0.000122 0.027543 99.309998 0.001971 0.002272
52000.000000 0.000002 0.026496 99.299995 0.001885 0.002273
53000.000000 0.000071 0.028461 99.299995 0.001964 0.002263
54000.000000 0.000030 0.029449 99.360001 0.002225 0.002249
55000.000000 0.000002 0.027912 99.260002 0.002042 0.002261
56000.000000 0.000000 0.028718 99.269997 0.002407 0.002208
57000.000000 0.000063 0.029233 99.299995 0.002614 0.002202
58000.000000 0.025976 0.029010 99.320000 0.002356 0.002180
59000.000000 0.000229 0.029218 99.220001 0.001662 0.002192
60000.000000 0.000071 0.028909 99.299995 0.001782 0.002182
61000.000000 0.000029 0.029821 99.209999 0.001944 0.002171
62000.000000 0.000001 0.025113 99.339996 0.002094 0.002160
63000.000000 0.000052 0.028172 99.360001 0.001674 0.002128
64000.000000 0.000614 0.034325 99.180000 0.002031 0.002151
65000.000000 0.000004 0.029286 99.299995 0.001746 0.002141
66000.000000 0.000000 0.030356 99.260002 0.001621 0.002118
67000.000000 0.000000 0.032776 99.199997 0.002033 0.002107
68000.000000 0.000000 0.031439 99.229996 0.002353 0.002121
69000.000000 0.000085 0.033820 99.159996 0.001698 0.002114
70000.000000 0.000001 0.028148 99.299995 0.001455 0.001912
71000.000000 0.000171 0.029267 99.299995 0.001354 0.001855
72000.000000 0.000006 0.031899 99.199997 0.001674 0.001870
73000.000000 0.000027 0.029828 99.250000 0.001567 0.001866
74000.000000 0.000002 0.026628 99.349998 0.001565 0.001839
75000.000000 0.000004 0.029665 99.339996 0.001447 0.001840
76000.000000 0.000000 0.029050 99.299995 0.001072 0.001849
77000.000000 0.000000 0.027070 99.309998 0.001687 0.001851
78000.000000 0.000026 0.030063 99.279999 0.001391 0.001830
79000.000000 0.000073 0.025679 99.320000 0.001828 0.001827
80000.000000 0.000017 0.029284 99.330002 0.001439 0.001805
81000.000000 0.000000 0.029990 99.250000 0.001503 0.001791
82000.000000 0.000588 0.031162 99.260002 0.001567 0.001827
83000.000000 0.000000 0.028643 99.269997 0.001416 0.001822
84000.000000 0.000000 0.027632 99.349998 0.002011 0.001792
85000.000000 0.000001 0.031706 99.409996 0.001380 0.001817
86000.000000 0.000000 0.030016 99.330002 0.001464 0.001764
87000.000000 0.000000 0.031790 99.290001 0.001232 0.001789
88000.000000 0.000008 0.032534 99.309998 0.001994 0.001806
89000.000000 0.000001 0.029121 99.360001 0.001873 0.001769
90000.000000 0.000004 0.032551 99.339996 0.001279 0.001780
91000.000000 0.000006 0.035480 99.250000 0.001440 0.001794
92000.000000 0.000018 0.038147 99.220001 0.001411 0.001786
93000.000000 0.000000 0.032842 99.330002 0.001341 0.001760
94000.000000 0.000001 0.031457 99.299995 0.001650 0.001755
95000.000000 0.002264 0.040343 99.320000 0.001156 0.001761
96000.000000 0.000000 0.033964 99.339996 0.001447 0.001769
97000.000000 0.000003 0.035814 99.299995 0.001599 0.001745
98000.000000 0.000280 0.037927 99.279999 0.001435 0.001760
99000.000000 0.000000 0.031426 99.379997 0.001819 0.001729
100000.000000 0.000017 0.033164 99.320000 0.001496 0.001748
101000.000000 0.000000 0.036799 99.309998 0.001487 0.001759
102000.000000 0.000010 0.033002 99.309998 0.001631 0.001710
103000.000000 0.000001 0.037390 99.269997 0.001547 0.001766
104000.000000 0.000000 0.032465 99.309998 0.001350 0.001728
105000.000000 0.000000 0.032246 99.320000 0.001196 0.001713
106000.000000 0.000000 0.030283 99.339996 0.001072 0.001743
107000.000000 0.000000 0.032424 99.309998 0.001262 0.001715
108000.000000 0.000000 0.037955 99.290001 0.001046 0.001720
109000.000000 0.000000 0.032243 99.349998 0.001306 0.001706
110000.000000 0.000043 0.035509 99.260002 0.001179 0.001698
111000.000000 0.000000 0.032216 99.330002 0.001430 0.001694
112000.000000 0.000017 0.033238 99.349998 0.001351 0.001728
113000.000000 0.000000 0.037204 99.239998 0.001247 0.001701
114000.000000 0.000000 0.031278 99.360001 0.001461 0.001704
115000.000000 0.000000 0.029979 99.339996 0.001976 0.001707
116000.000000 0.000000 0.032425 99.309998 0.001234 0.001696
117000.000000 0.000000 0.036334 99.260002 0.001308 0.001674
118000.000000 0.003417 0.036427 99.320000 0.001098 0.001535
119000.000000 0.000000 0.035713 99.320000 0.001157 0.001545
120000.000000 0.000000 0.039719 99.169998 0.001193 0.001555
121000.000000 0.000008 0.037282 99.309998 0.001140 0.001538
122000.000000 0.000000 0.034983 99.290001 0.001103 0.001534
123000.000000 0.000000 0.033022 99.290001 0.001015 0.001520
124000.000000 0.000001 0.033945 99.309998 0.001361 0.001539
125000.000000 0.000000 0.034172 99.330002 0.001352 0.001520
126000.000000 0.000000 0.040370 99.299995 0.000893 0.001536
127000.000000 0.000000 0.038634 99.279999 0.001242 0.001543
128000.000000 0.000001 0.036474 99.379997 0.001357 0.001535
129000.000000 0.000005 0.036161 99.299995 0.001122 0.001518
130000.000000 0.000000 0.035949 99.309998 0.001189 0.001526
131000.000000 0.000000 0.034640 99.339996 0.001264 0.001522
132000.000000 0.000000 0.034808 99.400002 0.001021 0.001520
133000.000000 0.000000 0.037324 99.290001 0.001110 0.001553
134000.000000 0.000000 0.035266 99.299995 0.001040 0.001507
135000.000000 0.000000 0.048019 99.260002 0.001228 0.001546
136000.000000 0.000000 0.036132 99.320000 0.000955 0.001520
137000.000000 0.000009 0.038168 99.299995 0.001399 0.001513
138000.000000 0.000000 0.035249 99.309998 0.001079 0.001518
139000.000000 0.000000 0.039014 99.309998 0.001286 0.001513
140000.000000 0.000006 0.043555 99.199997 0.001056 0.001510
141000.000000 0.000000 0.038132 99.309998 0.001190 0.001491
142000.000000 0.000000 0.042634 99.220001 0.001268 0.001533
143000.000000 0.000018 0.038184 99.290001 0.000925 0.001511
144000.000000 0.000000 0.044927 99.279999 0.001115 0.001528
145000.000000 0.000000 0.036518 99.330002 0.000954 0.001500
146000.000000 0.000000 0.038707 99.389999 0.001391 0.001521
147000.000000 0.000000 0.037286 99.339996 0.000936 0.001493
148000.000000 0.000000 0.037810 99.360001 0.001216 0.001484
149000.000000 0.000000 0.042527 99.279999 0.000841 0.001500
150000.000000 0.000000 0.035576 99.320000 0.001113 0.001483
151000.000000 0.000000 0.039549 99.370003 0.001201 0.001502
152000.000000 0.000000 0.048481 99.250000 0.001038 0.001518
153000.000000 0.000000 0.039330 99.349998 0.001029 0.001477
154000.000000 0.000000 0.037071 99.299995 0.000854 0.001478
155000.000000 0.000000 0.047258 99.309998 0.000855 0.001510
156000.000000 0.009555 0.043288 99.279999 0.001122 0.001487
157000.000000 0.000024 0.037424 99.330002 0.001158 0.001484
158000.000000 0.000000 0.036674 99.299995 0.001216 0.001497
159000.000000 0.000000 0.037134 99.320000 0.001125 0.001502
160000.000000 0.000002 0.037968 99.250000 0.001309 0.001495
161000.000000 0.000059 0.045383 99.260002 0.000987 0.001493
162000.000000 0.000000 0.039354 99.349998 0.000953 0.001467
163000.000000 0.000000 0.042063 99.229996 0.001118 0.001487
164000.000000 0.000000 0.040549 99.330002 0.000932 0.001475
165000.000000 0.000000 0.042152 99.279999 0.001089 0.001472
166000.000000 0.000000 0.044783 99.290001 0.001250 0.001503
167000.000000 0.000000 0.041727 99.309998 0.000907 0.001485
168000.000000 0.000000 0.038333 99.290001 0.001042 0.001472
169000.000000 0.000001 0.042120 99.309998 0.001035 0.001485
170000.000000 0.000000 0.039159 99.360001 0.000931 0.001460
171000.000000 0.000000 0.040721 99.389999 0.000920 0.001455
172000.000000 0.000000 0.039963 99.349998 0.000951 0.001456
173000.000000 0.000000 0.044312 99.239998 0.000854 0.001270
174000.000000 0.000000 0.044252 99.239998 0.000931 0.001303
175000.000000 0.000000 0.044537 99.290001 0.000871 0.001259
176000.000000 0.000000 0.043737 99.260002 0.000924 0.001240
177000.000000 0.000002 0.040175 99.349998 0.000724 0.001247
178000.000000 0.000000 0.040719 99.330002 0.000882 0.001246
179000.000000 0.000000 0.039616 99.330002 0.000763 0.001242
180000.000000 0.000000 0.039627 99.309998 0.000875 0.001251
181000.000000 0.000000 0.038466 99.320000 0.000775 0.001235
182000.000000 0.000002 0.038663 99.320000 0.000800 0.001237
183000.000000 0.000000 0.040938 99.339996 0.000824 0.001246
184000.000000 0.000000 0.041451 99.260002 0.000849 0.001247
185000.000000 0.000000 0.045936 99.279999 0.000827 0.001256
186000.000000 0.000000 0.045884 99.139999 0.001025 0.001254
187000.000000 0.000001 0.044621 99.309998 0.000837 0.001259
188000.000000 0.000000 0.042057 99.320000 0.000887 0.001246
189000.000000 0.000000 0.047491 99.309998 0.000876 0.001265
190000.000000 0.000000 0.042118 99.299995 0.000846 0.001235
191000.000000 0.000000 0.043709 99.400002 0.000691 0.001235
192000.000000 0.000000 0.045536 99.320000 0.000773 0.001232
193000.000000 0.000000 0.048116 99.339996 0.000798 0.001240
194000.000000 0.000000 0.041562 99.360001 0.000689 0.001235
195000.000000 0.000000 0.035540 99.389999 0.000684 0.001228
196000.000000 0.000000 0.050551 99.330002 0.000771 0.001252
197000.000000 0.000000 0.060906 99.209999 0.000976 0.001259
198000.000000 0.000000 0.046781 99.260002 0.000772 0.001247
199000.000000 0.000000 0.046357 99.299995 0.000820 0.001221
200000.000000 0.000000 0.045851 99.330002 0.000775 0.001240
201000.000000 0.000004 0.045224 99.279999 0.000775 0.001242
202000.000000 0.000000 0.045564 99.360001 0.000905 0.001241
203000.000000 0.000000 0.049697 99.260002 0.000701 0.001225
204000.000000 0.000000 0.048342 99.239998 0.000737 0.001243
205000.000000 0.000000 0.044628 99.339996 0.000762 0.001224
206000.000000 0.000000 0.042418 99.400002 0.000827 0.001216
207000.000000 0.000000 0.042122 99.320000 0.000797 0.001228
208000.000000 0.000000 0.045527 99.260002 0.000775 0.001272
209000.000000 0.000001 0.042193 99.299995 0.000797 0.001241
210000.000000 0.000000 0.048594 99.330002 0.000765 0.001241
211000.000000 0.000000 0.044273 99.290001 0.000790 0.001235
212000.000000 0.000000 0.044496 99.330002 0.000850 0.001226
213000.000000 0.000000 0.048930 99.309998 0.000719 0.001225
214000.000000 0.000000 0.045723 99.250000 0.000696 0.001235
215000.000000 0.000000 0.041082 99.360001 0.000778 0.001214
216000.000000 0.000000 0.043883 99.260002 0.000793 0.001231
217000.000000 0.000000 0.044373 99.250000 0.000689 0.001211
218000.000000 0.000000 0.043954 99.279999 0.000777 0.001216
219000.000000 0.000000 0.045533 99.299995 0.000747 0.001218
220000.000000 0.000000 0.042954 99.269997 0.000882 0.001245
221000.000000 0.000000 0.041030 99.279999 0.000874 0.001232
222000.000000 0.000000 0.049728 99.309998 0.000619 0.001215
223000.000000 0.000000 0.050322 99.269997 0.000883 0.001240
224000.000000 0.000000 0.045400 99.320000 0.000776 0.001236
225000.000000 0.000000 0.048047 99.299995 0.000785 0.001229
226000.000000 0.000000 0.046429 99.349998 0.000788 0.001211
227000.000000 0.000000 0.044411 99.330002 0.000806 0.001202
228000.000000 0.000000 0.045036 99.389999 0.000674 0.001211
229000.000000 0.000000 0.058906 99.299995 0.000850 0.001252
230000.000000 0.000000 0.044935 99.260002 0.000741 0.001224
231000.000000 0.000000 0.049442 99.260002 0.000676 0.001212
232000.000000 0.000001 0.046754 99.290001 0.000708 0.001214
233000.000000 0.000000 0.047224 99.320000 0.000831 0.001216
234000.000000 0.000000 0.040202 99.409996 0.000695 0.001205
235000.000000 0.000000 0.043072 99.330002 0.000603 0.001190
236000.000000 0.000000 0.055542 99.269997 0.000901 0.001237
237000.000000 0.000000 0.046774 99.290001 0.000736 0.001214
238000.000000 0.000000 0.045955 99.309998 0.000744 0.001216
239000.000000 0.000000 0.047527 99.360001 0.000691 0.001209
240000.000000 0.000000 0.045203 99.349998 0.000627 0.001186
241000.000000 0.000000 0.044925 99.330002 0.000731 0.001184
242000.000000 0.000000 0.055424 99.190002 0.000829 0.001241
243000.000000 0.000000 0.049430 99.330002 0.000683 0.001224
244000.000000 0.000000 0.045484 99.250000 0.000729 0.001203
245000.000000 0.000000 0.051601 99.349998 0.000701 0.001218
246000.000000 0.000000 0.044752 99.379997 0.000674 0.001216
247000.000000 0.000000 0.040179 99.440002 0.000740 0.001207
248000.000000 0.000000 0.045506 99.349998 0.000727 0.001213
249000.000000 0.000000 0.050427 99.299995 0.000809 0.001198
250000.000000 0.000005 0.046637 99.320000 0.000701 0.001201
251000.000000 0.000000 0.045543 99.309998 0.000671 0.001196
252000.000000 0.000000 0.041867 99.379997 0.000694 0.001219
253000.000000 0.000000 0.042458 99.400002 0.000676 0.001200
254000.000000 0.000000 0.046580 99.320000 0.000753 0.001211
255000.000000 0.000000 0.047169 99.279999 0.000686 0.001204
256000.000000 0.000000 0.047232 99.299995 0.000697 0.001207
257000.000000 0.000000 0.049829 99.279999 0.000703 0.001208
258000.000000 0.000000 0.050611 99.279999 0.000706 0.001222
259000.000000 0.000000 0.051479 99.279999 0.000686 0.001210
260000.000000 0.000000 0.048661 99.309998 0.000736 0.001190
261000.000000 0.000000 0.046395 99.379997 0.000739 0.001250
262000.000000 0.000000 0.052434 99.279999 0.000685 0.001215
263000.000000 0.000000 0.046443 99.330002 0.000665 0.001194
264000.000000 0.000000 0.057892 99.339996 0.000773 0.001218
265000.000000 0.000000 0.048671 99.400002 0.000671 0.001181
266000.000000 0.000000 0.042636 99.409996 0.000590 0.001190
267000.000000 0.000000 0.054276 99.309998 0.000723 0.001233
268000.000000 0.000000 0.045506 99.440002 0.000635 0.001180
269000.000000 0.000000 0.047430 99.389999 0.000704 0.001199
270000.000000 0.000000 0.047946 99.389999 0.000621 0.001222
271000.000000 0.000000 0.049766 99.379997 0.000684 0.001199
272000.000000 0.000000 0.053632 99.299995 0.000845 0.001205
273000.000000 0.000000 0.052344 99.320000 0.000698 0.001208
274000.000000 0.000000 0.049153 99.339996 0.000723 0.001196
275000.000000 0.000000 0.054895 99.389999 0.000645 0.001216
276000.000000 0.000000 0.056244 99.339996 0.000592 0.001193
277000.000000 0.000000 0.053837 99.299995 0.000641 0.001174
278000.000000 0.000000 0.056758 99.309998 0.000857 0.001221

Inputs: 200000 0.000100 10 1.000000 40000 0.001000
0.000000 13.758061 12.836653 8.410000 0.105872 0.114932
1000.000000 0.205455 0.097044 96.930000 0.076391 0.073322
2000.000000 0.082654 0.067129 97.919998 0.052400 0.049277
3000.000000 0.058579 0.052278 98.299995 0.029292 0.029463
4000.000000 0.028359 0.043507 98.540001 0.020391 0.018974
5000.000000 0.023479 0.041485 98.559998 0.013079 0.013499
6000.000000 0.012726 0.039326 98.699997 0.008662 0.010767
7000.000000 0.002313 0.036550 98.799995 0.009831 0.009512
8000.000000 0.000862 0.033277 98.879997 0.010053 0.009173
9000.000000 0.142032 0.031168 98.919998 0.009663 0.008959
10000.000000 0.006665 0.028720 98.989998 0.008560 0.008015
11000.000000 0.001116 0.028409 98.959999 0.006246 0.006959
12000.000000 0.000444 0.030687 99.029999 0.006078 0.006337
13000.000000 0.011207 0.026884 99.000000 0.006734 0.006284
14000.000000 0.000679 0.027485 99.000000 0.005987 0.005981
15000.000000 0.000129 0.027260 99.070000 0.005476 0.005927
16000.000000 0.002690 0.028796 99.000000 0.005230 0.005885
17000.000000 0.000098 0.023496 99.199997 0.006138 0.005811
18000.000000 0.000916 0.025584 99.159996 0.005272 0.005791
19000.000000 0.001663 0.022688 99.239998 0.004522 0.005241
20000.000000 0.000295 0.027423 99.080002 0.005177 0.005223
21000.000000 0.002273 0.021045 99.290001 0.005217 0.005149
22000.000000 0.000233 0.022851 99.209999 0.004814 0.005123
23000.000000 0.000102 0.027236 99.169998 0.003222 0.004236
24000.000000 0.001496 0.025395 99.250000 0.002994 0.003787
25000.000000 0.000021 0.025130 99.220001 0.003581 0.003746
26000.000000 0.000485 0.025802 99.199997 0.003717 0.003722
27000.000000 0.000084 0.026784 99.199997 0.003755 0.003728
28000.000000 0.001181 0.027211 99.139999 0.003674 0.003688
29000.000000 0.000031 0.025405 99.159996 0.002707 0.003589
30000.000000 0.000204 0.025387 99.250000 0.003905 0.003552
31000.000000 0.002082 0.021936 99.220001 0.003153 0.003524
32000.000000 0.000627 0.026314 99.250000 0.002824 0.003516
33000.000000 0.000074 0.026478 99.250000 0.002776 0.003484
34000.000000 0.003062 0.024705 99.279999 0.003545 0.003503
35000.000000 0.000132 0.024594 99.229996 0.003404 0.003485
36000.000000 0.021827 0.036662 98.869995 0.003098 0.003498
37000.000000 0.000152 0.031177 99.059998 0.003242 0.003455
38000.000000 0.000005 0.026184 99.180000 0.002944 0.003413
39000.000000 0.000317 0.024894 99.169998 0.003175 0.003413
40000.000000 0.000319 0.026465 99.250000 0.003141 0.003385
41000.000000 0.000015 0.027828 99.229996 0.003306 0.003417
42000.000000 0.000036 0.024316 99.260002 0.003791 0.003379
43000.000000 0.000806 0.027959 99.209999 0.003697 0.003365
44000.000000 0.000006 0.031371 99.150002 0.002807 0.003377
45000.000000 0.000021 0.026794 99.229996 0.003278 0.003348
46000.000000 0.000050 0.027357 99.290001 0.003184 0.003335
47000.000000 0.000820 0.032517 99.209999 0.002763 0.003344
48000.000000 0.000150 0.026696 99.209999 0.002669 0.003346
49000.000000 0.000005 0.031638 99.150002 0.003234 0.003330
50000.000000 0.000108 0.026812 99.330002 0.002692 0.003284
51000.000000 0.000028 0.029153 99.199997 0.002482 0.003293
52000.000000 0.000001 0.035540 99.159996 0.003364 0.003311
53000.000000 0.000000 0.027550 99.260002 0.002884 0.003291
54000.000000 0.000014 0.027898 99.260002 0.002526 0.003277
55000.000000 0.000222 0.027465 99.269997 0.003158 0.003289
56000.000000 0.000000 0.028923 99.209999 0.002974 0.003264
57000.000000 0.000020 0.026228 99.250000 0.002632 0.002749
58000.000000 0.000032 0.028292 99.330002 0.002542 0.002749
59000.000000 0.000001 0.033694 99.190002 0.002596 0.002751
60000.000000 0.000522 0.036206 99.099998 0.002107 0.002777
61000.000000 0.000003 0.031404 99.180000 0.002075 0.002753
62000.000000 0.000110 0.037006 99.209999 0.002254 0.002743
63000.000000 0.000001 0.033679 99.190002 0.002748 0.002718
64000.000000 0.000033 0.033955 99.229996 0.003019 0.002746
65000.000000 0.000086 0.029782 99.320000 0.002420 0.002725
66000.000000 0.000002 0.031196 99.260002 0.002548 0.002688
67000.000000 0.000000 0.027603 99.269997 0.002439 0.002714
68000.000000 0.000000 0.026281 99.339996 0.002842 0.002704
69000.000000 0.000012 0.029696 99.330002 0.001874 0.002675
70000.000000 0.000001 0.029534 99.239998 0.001934 0.002683
71000.000000 0.000001 0.032749 99.220001 0.003578 0.002715
72000.000000 0.000042 0.029482 99.339996 0.002019 0.002665
73000.000000 0.000001 0.032691 99.379997 0.002712 0.002682
74000.000000 0.000001 0.029545 99.309998 0.001780 0.002562
75000.000000 0.000000 0.033788 99.180000 0.002441 0.002601
76000.000000 0.000000 0.030969 99.330002 0.002113 0.002555
77000.000000 0.000069 0.028874 99.370003 0.002279 0.002559
78000.000000 0.000004 0.032277 99.229996 0.002874 0.002557
79000.000000 0.000103 0.036574 99.229996 0.001735 0.002548
80000.000000 0.000000 0.035508 99.220001 0.002398 0.002540
81000.000000 0.000000 0.031261 99.349998 0.001778 0.002518
82000.000000 0.000001 0.031581 99.309998 0.002646 0.002518
83000.000000 0.000014 0.029335 99.220001 0.002352 0.002518
84000.000000 0.000002 0.029973 99.309998 0.002401 0.002528
85000.000000 0.000005 0.030982 99.269997 0.003633 0.002504
86000.000000 0.000000 0.030077 99.299995 0.002064 0.002499
87000.000000 0.000035 0.033095 99.169998 0.002031 0.002507
88000.000000 0.000000 0.035459 99.239998 0.002282 0.002493
89000.000000 0.000000 0.037087 99.209999 0.002938 0.002542
90000.000000 0.000000 0.035588 99.309998 0.002249 0.002517
91000.000000 0.000000 0.028709 99.290001 0.001751 0.002510
92000.000000 0.000000 0.028258 99.409996 0.002278 0.002512
93000.000000 0.000000 0.029607 99.320000 0.002243 0.002485
94000.000000 0.000029 0.029382 99.320000 0.001853 0.002488
95000.000000 0.000002 0.030980 99.279999 0.002077 0.002475
96000.000000 0.000400 0.030615 99.339996 0.002167 0.002475
97000.000000 0.000001 0.032624 99.339996 0.002819 0.002478
98000.000000 0.000224 0.037192 99.260002 0.002272 0.002514
99000.000000 0.000035 0.033442 99.320000 0.001982 0.002505
100000.000000 0.000000 0.032709 99.320000 0.002147 0.002458
101000.000000 0.000000 0.034748 99.279999 0.002215 0.002486
102000.000000 0.000002 0.032923 99.209999 0.002379 0.002454
103000.000000 0.000000 0.033119 99.320000 0.002072 0.002458
104000.000000 0.000000 0.034171 99.299995 0.001650 0.002492
105000.000000 0.000000 0.031211 99.330002 0.002165 0.002448
106000.000000 0.000001 0.032203 99.260002 0.001895 0.002457
107000.000000 0.000004 0.034689 99.290001 0.001998 0.002455
108000.000000 0.000000 0.031410 99.330002 0.002243 0.002461
109000.000000 0.000022 0.036394 99.309998 0.002100 0.002443
110000.000000 0.000000 0.034720 99.279999 0.002370 0.002485
111000.000000 0.000000 0.032023 99.299995 0.001960 0.002437
112000.000000 0.000000 0.036283 99.279999 0.002593 0.002464
113000.000000 0.000004 0.036413 99.260002 0.002005 0.002482
114000.000000 0.000038 0.037949 99.290001 0.002092 0.002450
115000.000000 0.000015 0.035770 99.320000 0.001658 0.002454
116000.000000 0.000000 0.035120 99.330002 0.002136 0.002454
117000.000000 0.000001 0.038224 99.320000 0.002063 0.002457
118000.000000 0.000000 0.035883 99.279999 0.002145 0.002451
119000.000000 0.000000 0.033920 99.330002 0.002047 0.002429
120000.000000 0.000001 0.033182 99.330002 0.001972 0.002434
121000.000000 0.000000 0.034934 99.349998 0.001720 0.002409
122000.000000 0.000147 0.063862 98.959999 0.002502 0.002506
123000.000000 0.000008 0.031499 99.320000 0.002840 0.002430
124000.000000 0.000000 0.034743 99.339996 0.002608 0.002415
125000.000000 0.000002 0.036430 99.360001 0.001850 0.002424
126000.000000 0.000000 0.038364 99.299995 0.002884 0.002446
127000.000000 0.000001 0.032150 99.349998 0.001892 0.002418
128000.000000 0.000075 0.031172 99.309998 0.002215 0.002415
129000.000000 0.000012 0.043308 99.250000 0.001605 0.002417
130000.000000 0.000005 0.039274 99.260002 0.002410 0.002446
131000.000000 0.000000 0.036454 99.330002 0.001824 0.002431
132000.000000 0.000000 0.036208 99.360001 0.002155 0.002404
133000.000000 0.000000 0.032840 99.299995 0.001994 0.002421
134000.000000 0.000001 0.034802 99.309998 0.002173 0.002397
135000.000000 0.000000 0.039326 99.199997 0.002182 0.002415
136000.000000 0.000204 0.038656 99.159996 0.002375 0.002435
137000.000000 0.000000 0.036685 99.229996 0.002075 0.002391
138000.000000 0.000003 0.037459 99.260002 0.002554 0.002402
139000.000000 0.000000 0.042288 99.229996 0.001897 0.002413
140000.000000 0.000000 0.043552 99.290001 0.001790 0.002406
141000.000000 0.000000 0.041706 99.269997 0.001865 0.002393
142000.000000 0.000000 0.039263 99.199997 0.001876 0.002444
143000.000000 0.000003 0.054622 99.159996 0.002656 0.002412
144000.000000 0.000000 0.041073 99.299995 0.002101 0.002423
145000.000000 0.000000 0.039072 99.220001 0.002160 0.002406
146000.000000 0.000000 0.047897 99.269997 0.002287 0.002399
147000.000000 0.000229 0.040364 99.290001 0.002127 0.002393
148000.000000 0.000000 0.040599 99.269997 0.001615 0.002384
149000.000000 0.000000 0.036879 99.360001 0.001644 0.002385
150000.000000 0.000000 0.037489 99.239998 0.001850 0.002386
151000.000000 0.000000 0.049644 99.220001 0.001481 0.002396
152000.000000 0.000000 0.040730 99.239998 0.001858 0.002407
153000.000000 0.000000 0.038733 99.279999 0.001894 0.002361
154000.000000 0.000001 0.040707 99.229996 0.001890 0.002403
155000.000000 0.000001 0.039998 99.339996 0.001890 0.002374
156000.000000 0.000000 0.043537 99.339996 0.003085 0.002381
157000.000000 0.000000 0.040629 99.180000 0.002211 0.002383
158000.000000 0.000053 0.041305 99.290001 0.001847 0.002374
159000.000000 0.000000 0.040110 99.260002 0.001551 0.002383
160000.000000 0.000283 0.042182 99.229996 0.001946 0.002392
161000.000000 0.000000 0.041277 99.330002 0.001978 0.002375
162000.000000 0.000000 0.040302 99.320000 0.001764 0.002388
163000.000000 0.000000 0.043343 99.279999 0.002097 0.002378
164000.000000 0.000000 0.044195 99.209999 0.002460 0.002374
165000.000000 0.000000 0.039990 99.339996 0.002493 0.002394
166000.000000 0.000000 0.037772 99.239998 0.001823 0.002383
167000.000000 0.000000 0.035589 99.299995 0.001791 0.002363
168000.000000 0.000003 0.042673 99.269997 0.002112 0.002371
169000.000000 0.000000 0.035680 99.339996 0.002049 0.002372
170000.000000 0.000000 0.039792 99.299995 0.002199 0.002362
171000.000000 0.000002 0.044177 99.290001 0.002600 0.002381
172000.000000 0.000000 0.040842 99.290001 0.002108 0.002362
173000.000000 0.000000 0.037339 99.320000 0.001632 0.002383
174000.000000 0.000003 0.036308 99.330002 0.001773 0.002384
175000.000000 0.000000 0.035921 99.370003 0.002286 0.002361
176000.000000 0.000001 0.038606 99.269997 0.001915 0.002387
177000.000000 0.000000 0.056587 99.049995 0.001964 0.002405
178000.000000 0.000000 0.039750 99.279999 0.002408 0.002365
179000.000000 0.000000 0.042330 99.339996 0.001765 0.002361
180000.000000 0.000000 0.040542 99.320000 0.001799 0.002350
181000.000000 0.000000 0.042051 99.320000 0.001466 0.002362
182000.000000 0.000000 0.050947 99.220001 0.001751 0.002356
183000.000000 0.000408 0.049119 99.169998 0.001937 0.002366
184000.000000 0.000000 0.044949 99.290001 0.001947 0.002348
185000.000000 0.000000 0.044694 99.269997 0.002178 0.002230
186000.000000 0.000000 0.042657 99.199997 0.001756 0.002221
187000.000000 0.000000 0.042932 99.260002 0.002152 0.002219
188000.000000 0.000000 0.045963 99.290001 0.001570 0.002208
189000.000000 0.000000 0.043442 99.290001 0.001581 0.002205
190000.000000 0.000000 0.038270 99.330002 0.001611 0.002204
191000.000000 0.000000 0.038137 99.320000 0.001929 0.002195
192000.000000 0.000000 0.041529 99.260002 0.002242 0.002210
193000.000000 0.000000 0.040402 99.320000 0.001988 0.002185
194000.000000 0.000000 0.039612 99.339996 0.001301 0.002187
195000.000000 0.000000 0.040800 99.360001 0.001590 0.002212
196000.000000 0.000001 0.044400 99.339996 0.001620 0.002205
197000.000000 0.000000 0.039426 99.360001 0.001924 0.002223
198000.000000 0.000000 0.043687 99.330002 0.001745 0.002194
199000.000000 0.000000 0.040346 99.370003 0.001865 0.002196

Inputs:200000 0.001000 15000 10.000000 40000 0.001000map2
0.000000 7.919837 8.133334 16.619999 0.130260 0.132893
1000.000000 0.224163 0.116335 96.100006 0.082813 0.082458
2000.000000 0.056139 0.090030 96.889999 0.086787 0.084026
3000.000000 0.015571 0.080026 97.339996 0.076396 0.084208
4000.000000 0.029687 0.078227 97.449997 0.085992 0.085430
5000.000000 0.010979 0.065748 97.839996 0.083024 0.084608
6000.000000 0.043124 0.062949 97.889999 0.082104 0.084629
7000.000000 0.027425 0.057545 98.150002 0.075401 0.084798
8000.000000 0.020821 0.052304 98.379997 0.093461 0.084360
9000.000000 0.019379 0.060295 97.949997 0.097299 0.085066
10000.000000 0.004310 0.049882 98.379997 0.084450 0.084975
11000.000000 0.003567 0.049188 98.389999 0.080567 0.084455
12000.000000 0.030076 0.046851 98.470001 0.085691 0.084142
13000.000000 0.017190 0.049799 98.409996 0.081278 0.084065
14000.000000 0.050475 0.044749 98.540001 0.088471 0.083744
15000.000000 0.003083 0.042867 98.629997 0.079909 0.083762
16000.000000 0.000435 0.044416 98.699997 0.009758 0.009570
17000.000000 0.006096 0.040019 98.659996 0.007643 0.007449
18000.000000 0.010152 0.045424 98.699997 0.007865 0.006626
19000.000000 0.046120 0.037988 98.869995 0.005841 0.006063
20000.000000 0.080479 0.041401 98.839996 0.006111 0.005864
21000.000000 0.001979 0.037174 98.919998 0.005547 0.005500
22000.000000 0.000384 0.041846 98.869995 0.004772 0.005472
23000.000000 0.001079 0.045603 98.639999 0.005498 0.005416
24000.000000 0.005114 0.032816 98.979996 0.005072 0.005067
25000.000000 0.009802 0.036182 98.989998 0.004737 0.004970
26000.000000 0.000245 0.042530 98.739998 0.003815 0.005000
27000.000000 0.000017 0.038320 98.949997 0.004086 0.004659
28000.000000 0.028488 0.041944 98.940002 0.004320 0.004728
29000.000000 0.000004 0.038096 98.949997 0.004268 0.004767
30000.000000 0.001615 0.045727 98.930000 0.005230 0.004797
31000.000000 0.000525 0.038479 99.059998 0.004282 0.004447
32000.000000 0.001827 0.040871 98.860001 0.004029 0.004631
33000.000000 0.000025 0.042559 99.000000 0.003632 0.004427
34000.000000 0.001360 0.044997 98.889999 0.004143 0.004531
35000.000000 0.000279 0.038938 99.099998 0.003397 0.004170
36000.000000 0.000480 0.034167 99.199997 0.003931 0.004420
37000.000000 0.000015 0.038310 99.070000 0.003692 0.004498
38000.000000 0.000834 0.036189 99.070000 0.003414 0.004249
39000.000000 0.001110 0.053455 98.900002 0.004541 0.004710
40000.000000 0.000050 0.046053 98.959999 0.003601 0.004169
41000.000000 0.013584 0.043660 98.949997 0.003981 0.004471
42000.000000 0.006138 0.045839 99.029999 0.003800 0.004270
43000.000000 0.000091 0.041844 99.010002 0.003404 0.004185
44000.000000 0.032765 0.043009 99.029999 0.003264 0.004181
45000.000000 0.000000 0.045619 99.159996 0.003454 0.004191
46000.000000 0.000000 0.050481 99.029999 0.003452 0.004278
47000.000000 0.005265 0.048319 98.959999 0.004052 0.004253
48000.000000 0.000287 0.041851 99.119995 0.003792 0.004268
49000.000000 0.000003 0.052502 98.989998 0.003346 0.004003
50000.000000 0.000007 0.050148 99.019997 0.002978 0.004223
51000.000000 0.010723 0.045400 99.129997 0.003212 0.004163
52000.000000 0.010641 0.046683 99.049995 0.003293 0.004015
53000.000000 0.001193 0.050991 99.019997 0.003611 0.004188
54000.000000 0.025876 0.048593 99.049995 0.003236 0.004442
55000.000000 0.000000 0.047391 99.139999 0.003110 0.003971
56000.000000 0.000482 0.056428 99.029999 0.003798 0.004291
57000.000000 0.000002 0.049299 99.150002 0.003249 0.003850
58000.000000 0.000003 0.063718 99.089996 0.003957 0.004336
59000.000000 0.000030 0.057193 99.089996 0.002806 0.004015
60000.000000 0.000001 0.058143 98.989998 0.003146 0.004199
61000.000000 0.000006 0.050763 99.119995 0.003426 0.003886
62000.000000 0.000007 0.056501 99.059998 0.002977 0.004014
63000.000000 0.000000 0.064020 99.099998 0.002710 0.003885
64000.000000 0.000000 0.057437 99.070000 0.002840 0.004144
65000.000000 0.000004 0.057815 99.150002 0.002884 0.003918
66000.000000 0.000019 0.061811 98.909996 0.003467 0.004015
67000.000000 0.000000 0.056114 99.129997 0.002952 0.004010
68000.000000 0.000220 0.053170 98.970001 0.003116 0.004071
69000.000000 0.000004 0.077299 99.000000 0.002743 0.003986
70000.000000 0.000000 0.066411 99.000000 0.003561 0.004063
71000.000000 0.000084 0.065302 99.089996 0.002610 0.003794
72000.000000 0.000000 0.072836 98.839996 0.003580 0.004446
73000.000000 0.000000 0.064755 99.169998 0.002948 0.003866
74000.000000 0.000013 0.080942 98.979996 0.003378 0.004198
75000.000000 0.000002 0.072007 99.139999 0.002913 0.003779
76000.000000 0.000000 0.074604 99.110001 0.003068 0.004077
77000.000000 0.185254 0.074385 99.080002 0.003596 0.004323

Inputs: 100000 0.001000 15000 10.000000 40000 0.001000MAPS=0
0.000000 5.526297 6.435521 11.380000 0.106701 0.107570
1000.000000 0.040696 0.087303 97.209999 0.105616 0.107404
2000.000000 0.032645 0.061169 98.000000 0.106914 0.107404
3000.000000 0.030944 0.049764 98.209999 0.107087 0.107404
4000.000000 0.003651 0.047321 98.409996 0.105395 0.107404
5000.000000 0.003055 0.059647 98.089996 0.107320 0.107404
6000.000000 0.077582 0.053740 98.169998 0.107156 0.107404
7000.000000 0.006127 0.038512 98.739998 0.105351 0.107404
8000.000000 0.158936 0.040190 98.680000 0.103171 0.107404
9000.000000 0.007574 0.037068 98.750000 0.106861 0.107404
10000.000000 0.003101 0.041472 98.629997 0.108384 0.107404
11000.000000 0.000561 0.036102 98.860001 0.108990 0.107404
12000.000000 0.131155 0.041427 98.689995 0.106755 0.107404
13000.000000 0.000125 0.043686 98.729996 0.107965 0.107404
14000.000000 0.001137 0.035158 98.979996 0.105260 0.107404
15000.000000 0.003081 0.037357 98.709999 0.106669 0.107404
NOTIFICATION: RecF updated to 10.000000
16000.000000 0.309566 0.041951 98.750000 0.075413 0.067589
17000.000000 0.245469 0.041040 98.820000 0.063516 0.067519
18000.000000 0.002659 0.040633 98.909996 0.065144 0.067660
19000.000000 0.036814 0.040092 98.889999 0.074529 0.067484
20000.000000 0.006080 0.039430 98.790001 0.068748 0.067597
21000.000000 0.000071 0.036442 98.970001 0.065353 0.067463
22000.000000 0.000802 0.032975 98.979996 0.064515 0.067589
23000.000000 0.050579 0.039237 98.959999 0.064926 0.067475
24000.000000 0.004602 0.041338 98.809998 0.073992 0.067519
25000.000000 0.002952 0.041077 98.849998 0.066653 0.067494
26000 0.057099 0.040726 98.830002 0.066871 0.067503
27000 0.000005 0.040579 98.930000 0.067613 0.067545
28000.000000 0.000044 0.037295 99.000000 0.072749 0.067509
29000.000000 0.000854 0.039786 98.849998 0.070560 0.067524
30000.000000 0.000502 0.044069 98.919998 0.066782 0.067496
31000.000000 0.000051 0.046166 98.889999 0.068919 0.067463
32000.000000 0.038270 0.045100 98.809998 0.066284 0.067471
33000.000000 0.019739 0.042970 98.900002 0.062848 0.067471

Inputs:200000 0.001000 500000 0.000000 40000 0.001000-NoRecNet
0.000000 8.470083 7.091498 11.610000 0.121477 0.117653
1000.000000 0.100856 0.094992 97.010002 0.108037 0.107142
2000.000000 0.235360 0.067109 97.829994 0.097510 0.107485
3000.000000 0.120099 0.048246 98.379997 0.107218 0.107298
4000.000000 0.233411 0.040559 98.639999 0.118319 0.108333
5000.000000 0.005312 0.044614 98.610001 0.106366 0.106617
6000.000000 0.013812 0.044997 98.610001 0.093780 0.105041
7000.000000 0.023683 0.034616 98.779999 0.096737 0.104794
8000.000000 0.001064 0.044726 98.610001 0.100311 0.102259
9000.000000 0.015722 0.036979 98.799995 0.105300 0.103480
10000.000000 0.012080 0.042161 98.689995 0.103484 0.100046
11000.000000 0.005277 0.034565 98.799995 0.097488 0.100126
12000.000000 0.009641 0.040414 98.830002 0.097201 0.100301
13000.000000 0.000299 0.036314 98.889999 0.119070 0.104902
14000.000000 0.002321 0.030947 99.010002 0.096953 0.099574
15000.000000 0.006546 0.040418 98.879997 0.100785 0.100625
16000.000000 0.000332 0.043216 98.790001 0.112414 0.103839
17000.000000 0.004879 0.034610 98.970001 0.111461 0.102175
18000.000000 0.068909 0.040771 98.769997 0.088568 0.099461
19000.000000 0.003017 0.036756 98.820000 0.094790 0.100443
20000.000000 0.141218 0.040036 98.860001 0.107772 0.099937
21000.000000 0.020867 0.036396 99.010002 0.097075 0.098210
22000.000000 0.000195 0.038361 98.970001 0.098508 0.095127
23000.000000 0.007362 0.039363 98.869995 0.103832 0.097439
24000.000000 0.011545 0.033042 99.110001 0.099015 0.100878
25000.000000 0.000003 0.038283 99.029999 0.100243 0.101879
26000.000000 0.121518 0.038437 99.049995 0.093538 0.097675
27000.000000 0.000012 0.040295 99.010002 0.095120 0.100375
28000.000000 0.007498 0.042080 99.010002 0.091956 0.096367
29000.000000 0.000013 0.044177 98.900002 0.089360 0.090650
30000.000000 0.151301 0.042713 98.849998 0.087251 0.088946
31000.000000 0.066796 0.043009 98.940002 0.089596 0.090322
32000.000000 0.000002 0.040103 99.159996 0.107195 0.101182
33000.000000 0.001953 0.052641 98.879997 0.100415 0.098434
34000.000000 0.000673 0.040100 99.040001 0.086916 0.093553
35000.000000 0.003992 0.044810 99.110001 0.103935 0.100237
36000.000000 0.001059 0.037994 99.080002 0.098785 0.099222
37000.000000 0.000055 0.041074 99.099998 0.094537 0.099363
38000.000000 0.000003 0.058363 98.959999 0.094917 0.098375
39000.000000 0.010671 0.046268 98.930000 0.086751 0.092990
40000.000000 0.012069 0.051230 99.010002 0.097254 0.100035
41000.000000 0.000151 0.046677 99.049995 0.101089 0.100799
42000.000000 0.000074 0.063999 98.820000 0.092130 0.098068
43000.000000 0.040925 0.049775 98.989998 0.090257 0.098110
44000.000000 0.000540 0.052349 98.930000 0.104826 0.101241
45000.000000 0.000086 0.047090 99.110001 0.097854 0.095460
46000.000000 0.000001 0.046764 99.150002 0.088434 0.098363
47000.000000 0.008781 0.041721 99.129997 0.107269 0.097093
48000.000000 0.000001 0.050104 99.000000 0.094057 0.100188
49000.000000 0.000020 0.049183 99.010002 0.087235 0.092958
50000.000000 0.063767 0.048259 99.000000 0.101285 0.094684
51000.000000 0.000000 0.057183 99.080002 0.098395 0.096802
52000.000000 0.000400 0.051445 99.119995 0.100118 0.098577
53000.000000 0.000000 0.055163 99.070000 0.097378 0.095742
54000.000000 0.000014 0.048653 99.029999 0.094698 0.097858
55000.000000 0.000133 0.047031 99.119995 0.092207 0.097196
56000.000000 0.024494 0.057715 98.970001 0.101378 0.102214
57000.000000 0.000037 0.053054 99.159996 0.103151 0.098647
58000.000000 0.000001 0.047104 99.119995 0.099513 0.094476
59000.000000 0.000000 0.053495 99.119995 0.089840 0.092340
60000.000000 0.000000 0.059223 99.119995 0.109297 0.097740
61000.000000 0.000000 0.056471 99.040001 0.098311 0.101876
62000.000000 0.000000 0.054202 99.049995 0.086982 0.098461
63000.000000 0.000000 0.061395 99.119995 0.100803 0.101957
64000.000000 0.000000 0.050294 99.119995 0.095151 0.098227
65000.000000 0.000003 0.061730 99.129997 0.111867 0.098828
66000.000000 0.000000 0.064113 99.040001 0.098096 0.101273
67000.000000 0.000012 0.065494 99.089996 0.098132 0.099319
68000.000000 0.000000 0.053451 99.229996 0.092317 0.099174
69000.000000 0.000000 0.077023 98.989998 0.097186 0.101797
70000.000000 0.000014 0.056651 99.080002 0.094200 0.097746
71000.000000 0.000002 0.072906 99.129997 0.098210 0.097940
72000.000000 0.000012 0.073609 99.019997 0.109786 0.098739
73000.000000 0.000000 0.066856 99.040001 0.102319 0.098818
74000.000000 0.000000 0.065815 99.220001 0.092167 0.098606
75000.000000 0.000000 0.086306 98.940002 0.096704 0.094676
76000.000000 0.000000 0.064101 99.110001 0.102001 0.099795
77000.000000 0.002003 0.058603 99.099998 0.109909 0.100128
78000.000000 0.000000 0.054612 99.190002 0.101955 0.097979
79000.000000 0.000002 0.058125 99.159996 0.105071 0.101830
80000.000000 0.000000 0.053312 99.209999 0.097860 0.102196
81000.000000 0.000007 0.070131 99.059998 0.098056 0.098530
82000.000000 0.000000 0.073744 98.959999 0.100210 0.102264
83000.000000 0.000000 0.073034 99.180000 0.094926 0.102219
84000.000000 0.000000 0.069106 99.139999 0.103823 0.098094
85000.000000 0.000002 0.069053 98.979996 0.098151 0.096898
86000.000000 0.000000 0.071000 99.129997 0.097833 0.097778
87000.000000 0.000000 0.057146 99.150002 0.088672 0.096696
88000.000000 0.000000 0.081244 98.959999 0.095633 0.093928
89000.000000 0.000001 0.089886 98.900002 0.088188 0.096610
90000.000000 0.000309 0.073224 99.119995 0.087334 0.090984
91000.000000 0.000000 0.082150 99.139999 0.098554 0.097156
92000.000000 0.000000 0.073718 99.169998 0.096641 0.097394
93000.000000 0.000001 0.066283 99.059998 0.104760 0.095765
94000.000000 0.000000 0.078425 99.139999 0.095452 0.098346
95000.000000 0.000005 0.080899 99.049995 0.098988 0.096569
96000.000000 0.000014 0.079763 99.089996 0.093692 0.097582
97000.000000 0.000000 0.072750 99.320000 0.091496 0.091785
98000.000000 0.000000 0.080783 99.099998 0.099082 0.094702
99000.000000 0.000000 0.089734 99.059998 0.099567 0.096036
100000.000000 0.000026 0.089620 99.169998 0.093608 0.091604
101000.000000 0.000000 0.079446 99.049995 0.090881 0.091319
102000.000000 0.024644 0.078314 99.119995 0.083925 0.088749
103000.000000 0.000000 0.098476 99.129997 0.090584 0.092944
104000.000000 0.000000 0.096421 99.040001 0.100191 0.091031
105000.000000 0.006303 0.068696 99.029999 0.088287 0.089181
106000.000000 0.000001 0.080104 99.159996 0.083113 0.086538
107000.000000 0.000000 0.081823 99.180000 0.092660 0.092158
108000.000000 0.000000 0.082664 99.010002 0.087639 0.087839
109000.000000 0.000000 0.072936 99.199997 0.083051 0.085374
110000.000000 0.000303 0.073542 99.150002 0.093294 0.091047
111000.000000 0.000000 0.083656 99.129997 0.097662 0.088556
112000.000000 0.000000 0.094412 99.220001 0.093013 0.091675
113000.000000 0.009468 0.097797 99.129997 0.093478 0.088705
114000.000000 0.000000 0.093973 99.150002 0.086689 0.087429
115000.000000 0.000000 0.096724 99.250000 0.085048 0.087702
116000.000000 0.000000 0.132532 99.139999 0.096522 0.092579
117000.000000 0.022507 0.097669 99.049995 0.092847 0.095862
118000.000000 0.000000 0.121867 99.190002 0.092595 0.093859
119000.000000 0.000000 0.115179 99.010002 0.089045 0.096654
120000.000000 0.000000 0.133865 98.889999 0.095394 0.093077
121000.000000 0.000000 0.110449 99.019997 0.091431 0.090536
122000.000000 0.000008 0.106018 99.089996 0.088522 0.094450
123000.000000 0.000000 0.110864 99.049995 0.093163 0.095302
124000.000000 0.000002 0.102562 99.229996 0.096504 0.093743
125000.000000 0.000000 0.116303 99.110001 0.094404 0.096074
126000.000000 0.020612 0.100125 99.010002 0.098140 0.100610
127000.000000 0.000000 0.108533 99.209999 0.099463 0.095483
128000.000000 0.000000 0.102250 99.169998 0.089653 0.094535
129000.000000 0.000000 0.093144 99.229996 0.102243 0.094615
130000.000000 0.026815 0.091283 99.169998 0.091127 0.091507
131000.000000 0.000000 0.160052 99.129997 0.100191 0.101216
132000.000000 0.000000 0.140817 99.139999 0.101928 0.097894
133000.000000 0.000000 0.124582 99.150002 0.093000 0.092968
134000.000000 0.000000 0.112416 99.119995 0.086663 0.090989
135000.000000 0.000000 0.108232 99.089996 0.091246 0.092012
136000.000000 0.000000 0.120542 99.159996 0.097007 0.095926
137000.000000 0.000000 0.116193 99.119995 0.097372 0.095706
138000.000000 0.000000 0.109638 99.190002 0.098625 0.096298
139000.000000 0.246074 0.101416 99.229996 0.087197 0.090312
140000.000000 0.000000 0.128122 99.169998 0.098976 0.097242
141000.000000 0.000000 0.129230 99.129997 0.095584 0.098305
142000.000000 0.000000 0.121976 99.110001 0.092181 0.095529
143000.000000 0.000000 0.181693 99.209999 0.085680 0.093477
144000.000000 0.000000 0.138321 99.150002 0.095609 0.093896
145000.000000 0.000000 0.135101 99.250000 0.095041 0.093068
146000.000000 0.000010 0.121525 99.139999 0.093208 0.093906
147000.000000 0.000000 0.145573 99.190002 0.100041 0.095584
148000.000000 0.000000 0.175043 99.190002 0.095728 0.099203
149000.000000 0.000000 0.131582 99.190002 0.095889 0.094671
150000.000000 0.000000 0.130261 99.129997 0.097175 0.096394
151000.000000 0.000000 0.129537 99.190002 0.101244 0.098926
152000.000000 0.000000 0.120360 99.279999 0.101837 0.096831
153000.000000 0.000000 0.096418 99.320000 0.095436 0.097838
154000.000000 0.000000 0.141759 99.239998 0.090303 0.096875
155000.000000 0.000000 0.147443 99.129997 0.095140 0.101014
156000.000000 0.000000 0.151345 99.309998 0.096687 0.099553
157000.000000 0.000000 0.152228 99.169998 0.093823 0.099881
158000.000000 0.000000 0.171978 99.239998 0.101049 0.098981
159000.000000 0.000000 0.189264 99.049995 0.098468 0.100104
160000.000000 0.000000 0.142700 99.169998 0.098547 0.096107
161000.000000 0.000000 0.172286 99.220001 0.095969 0.096823
162000.000000 0.000000 0.158104 99.169998 0.093135 0.095317
163000.000000 0.000000 0.163892 99.139999 0.089425 0.097378
164000.000000 0.000000 0.228884 99.159996 0.096762 0.095703
165000.000000 0.000000 0.162378 99.129997 0.092586 0.092914
166000.000000 0.000000 0.134659 99.169998 0.096253 0.094352
167000.000000 0.000000 0.166950 99.139999 0.099893 0.100608
168000.000000 0.000000 0.154788 99.089996 0.092343 0.093840
169000.000000 0.000000 0.184714 99.059998 0.103209 0.096077
170000.000000 0.000000 0.157649 99.220001 0.094680 0.095928
171000.000000 0.000000 0.209666 99.080002 0.097090 0.096274
172000.000000 0.000000 0.172870 99.180000 0.102781 0.101105
173000.000000 0.000000 0.189783 99.110001 0.107798 0.098625
174000.000000 0.000000 0.164574 99.169998 0.090833 0.094841
175000.000000 0.000000 0.179181 99.279999 0.098688 0.094973
176000.000000 0.000000 0.179988 99.239998 0.091867 0.100414
177000.000000 0.000000 0.147965 99.190002 0.097250 0.099306
178000.000000 0.000000 0.171710 99.139999 0.099908 0.096973
179000.000000 0.000000 0.166802 99.239998 0.093729 0.094944
180000.000000 0.000000 0.184717 99.180000 0.092091 0.098155
181000.000000 0.000000 0.140084 99.229996 0.098218 0.098473
182000.000000 0.000000 0.154320 99.089996 0.092594 0.096498
183000.000000 0.000000 0.187070 99.119995 0.100014 0.097393
184000.000000 0.000000 0.157624 99.169998 0.095611 0.097430
185000.000000 0.000000 0.200025 99.139999 0.100465 0.098754
186000.000000 0.000000 0.239372 99.199997 0.095275 0.097494
187000.000000 0.000000 0.197354 99.199997 0.104964 0.101701
188000.000000 0.000000 0.199734 99.169998 0.098081 0.104770
189000.000000 0.000000 0.172573 99.099998 0.103250 0.102195
190000.000000 0.000000 0.190100 99.220001 0.098474 0.103367
191000.000000 0.000000 0.231340 99.199997 0.097644 0.101391
192000.000000 0.000000 0.189545 99.299995 0.098608 0.103922
193000.000000 0.000000 0.241006 99.089996 0.105826 0.102129
194000.000000 0.000000 0.193576 99.290001 0.105973 0.098639
195000.000000 0.000000 0.230011 99.199997 0.095079 0.100986
196000.000000 0.000000 0.176889 99.279999 0.100939 0.101818
197000.000000 0.000000 0.192473 99.229996 0.098049 0.099433
198000.000000 0.000000 0.194340 99.320000 0.094750 0.092608
199000.000000 0.000000 0.197569 99.190002 0.092365 0.094221
