Inputs: 80000 0.001000 20000 0.010000 x
0.000000 4.692070 3.997368 15.110000 0.454083 0.455835
1000.000000 0.210537 0.068219 97.759995 0.422297 0.425723
2000.000000 0.028813 0.050116 98.339996 0.419549 0.421344
3000.000000 0.024530 0.036022 98.739998 0.410123 0.414369
4000.000000 0.003476 0.041351 98.750000 0.418209 0.419891
5000.000000 0.004320 0.032762 98.820000 0.415724 0.416572
6000.000000 0.002119 0.035588 98.909996 0.423383 0.419962
7000.000000 0.006744 0.033676 99.019997 0.414187 0.414263
8000.000000 0.000182 0.033383 98.989998 0.421023 0.415619
9000.000000 0.003046 0.031639 99.049995 0.410333 0.412232
10000.000000 0.000118 0.027635 99.029999 0.410257 0.408847
11000.000000 0.000088 0.034111 99.000000 0.411998 0.412620
12000.000000 0.000402 0.028035 99.150002 0.412624 0.414079
13000.000000 0.000239 0.039832 98.959999 0.420442 0.416483
14000.000000 0.010071 0.030167 99.229996 0.412197 0.413731
15000.000000 0.001242 0.031402 99.129997 0.415444 0.416623
16000.000000 0.000019 0.033081 99.239998 0.423571 0.419863
17000.000000 0.001588 0.032688 99.150002 0.416194 0.416720
18000.000000 0.045252 0.030758 99.239998 0.418538 0.422351
19000.000000 0.000002 0.034845 99.279999 0.421716 0.422306
20000.000000 0.004572 0.038586 99.190002 0.427201 0.427433
21000.000000 0.007059 0.035427 99.320000 0.112200 0.114817
22000.000000 0.000241 0.038200 99.229996 0.119446 0.110979
23000.000000 0.000101 0.062045 99.070000 0.013250 0.010863
24000.000000 0.000001 0.039201 99.220001 0.006952 0.006132
25000.000000 0.000004 0.035180 99.339996 0.004559 0.004830
26000.000000 0.000009 0.043480 99.260002 0.003950 0.004308
27000.000000 0.000000 0.041484 99.370003 0.003434 0.004040
28000.000000 0.001063 0.039847 99.129997 0.003808 0.003872
29000.000000 0.003425 0.051510 99.239998 0.003156 0.003719
30000.000000 0.000000 0.047256 99.250000 0.003525 0.003324
31000.000000 0.000453 0.046633 99.320000 0.002941 0.003180
32000.000000 0.000028 0.048589 99.080002 0.003469 0.003173
33000.000000 0.491376 0.072753 98.959999 0.002437 0.003330
34000.000000 0.000000 0.047532 99.309998 0.002709 0.003167
35000.000000 0.000000 0.060538 99.150002 0.003100 0.003128
36000.000000 0.000000 0.065364 99.110001 0.002914 0.003106
37000.000000 0.000000 0.056674 99.199997 0.003645 0.002996
38000.000000 0.000000 0.080133 99.199997 0.002331 0.002994
39000.000000 0.000000 0.067045 99.209999 0.002911 0.002997
40000.000000 0.000000 0.086090 99.089996 0.003258 0.003002
41000.000000 0.000000 0.083936 99.150002 0.002684 0.002976
42000.000000 0.000002 0.068347 99.220001 0.002701 0.002932
43000.000000 0.000350 0.069136 99.279999 0.002583 0.002736
44000.000000 0.000000 0.070195 99.150002 0.003060 0.002974
45000.000000 0.000060 0.078067 99.159996 0.002608 0.002786
46000.000000 0.000000 0.071660 99.150002 0.002623 0.002792
47000.000000 0.000000 0.062678 99.330002 0.002445 0.002946
48000.000000 0.000009 0.077310 99.150002 0.002431 0.002893
49000.000000 0.000001 0.076405 99.190002 0.002797 0.002811
50000.000000 0.000006 0.094421 99.059998 0.002623 0.002831
51000.000000 0.000000 0.076720 99.209999 0.002695 0.002788
52000.000000 0.000000 0.069328 99.220001 0.002977 0.002745
53000.000000 0.000000 0.072532 99.220001 0.002254 0.002906
54000.000000 0.000000 0.077974 99.080002 0.002582 0.002935
55000.000000 0.000000 0.101187 99.159996 0.002153 0.002783
56000.000000 0.057138 0.070988 99.180000 0.002404 0.002698
57000.000000 0.000000 0.091218 99.150002 0.002612 0.002712

Inputs: 100000 0.001000 20000 1.000000 x
0.000000 8.256585 8.764184 9.770000 0.437181 0.436073
1000.000000 0.011528 0.061414 97.939995 0.417719 0.417610
2000.000000 0.047897 0.046074 98.489998 0.418976 0.415646
3000.000000 0.006141 0.039859 98.750000 0.414162 0.412772
4000.000000 0.012642 0.041925 98.610001 0.411553 0.413500
5000.000000 0.000193 0.029400 99.080002 0.413222 0.404253
6000.000000 0.011908 0.031712 98.889999 0.403736 0.407816
7000.000000 0.012622 0.041147 98.860001 0.414153 0.412972
8000.000000 0.002176 0.030399 99.019997 0.407391 0.405912
9000.000000 0.000388 0.034242 99.059998 0.408936 0.411901
10000.000000 0.000164 0.037102 98.869995 0.408099 0.408066
11000.000000 0.000091 0.031308 99.080002 0.410704 0.410183
12000.000000 0.000462 0.032230 99.159996 0.410274 0.410464
13000.000000 0.000262 0.033708 99.049995 0.408768 0.410343
14000.000000 0.059129 0.039660 98.979996 0.414054 0.415200
15000.000000 0.000195 0.035019 98.979996 0.411496 0.408175
16000.000000 0.000707 0.031757 99.199997 0.415676 0.413373
17000.000000 0.000011 0.036378 99.080002 0.415395 0.409136
18000.000000 0.008547 0.036933 99.190002 0.412931 0.411925
19000.000000 0.000001 0.035373 99.180000 0.411301 0.411377
20000.000000 0.000272 0.043522 98.959999 0.416989 0.413020
21000.000000 0.000108 0.038458 99.080002 0.129899 0.120554
22000.000000 0.000034 0.054296 98.959999 0.125565 0.120554
23000.000000 0.000176 0.039301 99.150002 0.121958 0.120554
24000.000000 0.000001 0.047656 99.199997 0.114354 0.120554
25000.000000 0.002687 0.046599 99.110001 0.113093 0.120554
26000.000000 0.000046 0.057707 99.129997 0.115962 0.120554
27000.000000 0.000191 0.052416 99.089996 0.122398 0.120554
28000.000000 0.000000 0.053903 99.180000 0.115896 0.120554
29000.000000 0.000026 0.042266 99.279999 0.107857 0.120554
30000.000000 0.000036 0.045801 99.199997 0.123551 0.120554
31000.000000 0.000000 0.053760 99.099998 0.122989 0.120554
32000.000000 0.000001 0.045926 99.150002 0.124747 0.120554
33000.000000 0.000012 0.053511 99.080002 0.126802 0.120554
34000.000000 0.000705 0.056700 99.099998 0.122543 0.120554
35000.000000 0.000000 0.044714 99.209999 0.122571 0.120554
36000.000000 0.000000 0.061170 99.049995 0.120538 0.120554
37000.000000 0.000949 0.058580 99.089996 0.116080 0.120554
38000.000000 0.000000 0.064340 99.010002 0.112017 0.120554
39000.000000 0.000134 0.059353 99.110001 0.135098 0.120554
40000.000000 0.000000 0.056288 99.260002 0.127588 0.120554

Inputs: 100000 0.001000 10000 0.100000 x
0.000000 7.043891 6.877748 5.870000 0.477972 0.478720
1000.000000 0.007477 0.056702 98.049995 0.434867 0.434939
2000.000000 0.011699 0.037206 98.779999 0.433309 0.428123
3000.000000 0.025596 0.038266 98.769997 0.430343 0.428888
4000.000000 0.020882 0.034664 98.820000 0.422282 0.424185
5000.000000 0.035043 0.031347 98.970001 0.420608 0.424765
6000.000000 0.006762 0.029962 99.070000 0.428408 0.426209
7000.000000 0.033771 0.029320 99.089996 0.423897 0.424041
8000.000000 0.000060 0.025301 99.169998 0.426452 0.423505
9000.000000 0.000115 0.033659 98.970001 0.423199 0.424259
10000.000000 0.003800 0.031805 99.070000 0.423304 0.424138
11000.000000 0.000086 0.037017 98.900002 0.106104 0.118719
12000.000000 0.000019 0.035037 99.110001 0.110804 0.118719
13000.000000 0.003321 0.037953 99.049995 0.120159 0.118719
14000.000000 0.000182 0.031348 99.049995 0.122101 0.118719
15000.000000 0.000259 0.034696 99.110001 0.115724 0.118719
16000.000000 0.063056 0.032990 99.110001 0.120716 0.118719
17000.000000 0.001019 0.034303 99.110001 0.103847 0.118719
18000.000000 0.000043 0.048635 98.820000 0.126306 0.118719
19000.000000 0.000019 0.044341 99.040001 0.124003 0.118719
20000.000000 0.000000 0.048246 99.169998 0.117622 0.118719
22000.000000 0.002183 0.057978 99.059998 0.121789 0.118719
23000.000000 0.000068 0.054257 99.190002 0.115900 0.118719
24000.000000 0.000058 0.046428 99.099998 0.115667 0.118719
25000.000000 0.000000 0.054736 99.040001 0.126415 0.118719
26000.000000 0.000010 0.060073 98.849998 0.112596 0.118719
27000.000000 0.000000 0.054034 98.979996 0.117213 0.118719
28000.000000 0.000010 0.049944 99.110001 0.109480 0.118719
29000.000000 0.000010 0.055694 99.010002 0.109070 0.118719
30000.000000 0.000022 0.046132 99.269997 0.115506 0.118719
31000.000000 0.000001 0.052946 99.110001 0.121607 0.118719
32000.000000 0.000345 0.056984 99.180000 0.126628 0.118719
33000.000000 0.000001 0.061113 99.080002 0.119769 0.118719
34000.000000 0.000000 0.055875 99.019997 0.106704 0.118719
35000.000000 0.000000 0.055563 99.169998 0.126012 0.118719
36000.000000 0.000006 0.056748 99.239998 0.109780 0.118719
37000.000000 0.000245 0.071547 99.099998 0.119424 0.118719
38000.000000 0.000000 0.073105 99.159996 0.114821 0.118719
39000.000000 0.000000 0.073418 99.129997 0.112544 0.118719
40000.000000 0.000000 0.058404 99.150002 0.118932 0.118719
41000.000000 0.000000 0.062707 99.199997 0.120223 0.118719
42000.000000 0.000001 0.065510 99.169998 0.118766 0.118719
43000.000000 0.000000 0.067659 99.209999 0.121973 0.118719
44000.000000 0.000059 0.064449 99.339996 0.121110 0.118719
45000.000000 0.000000 0.073078 99.269997 0.119179 0.118719
46000.000000 0.000000 0.070255 99.089996 0.126708 0.118719
47000.000000 0.000001 0.078500 99.190002 0.111456 0.118719
48000.000000 0.000004 0.087005 99.220001 0.117209 0.118719
49000.000000 0.000000 0.082693 99.309998 0.122499 0.118719
50000.000000 0.000000 0.072071 99.339996 0.121203 0.118719
51000.000000 0.000000 0.097977 99.080002 0.117726 0.118719
52000.000000 0.000007 0.084039 99.190002 0.121382 0.118719
53000.000000 0.000000 0.063614 99.220001 0.116970 0.118719
54000.000000 0.000000 0.079890 99.089996 0.118581 0.118719
55000.000000 0.000000 0.056026 99.389999 0.117252 0.118719
56000.000000 0.000002 0.068438 99.209999 0.115991 0.118719
57000.000000 0.000000 0.077971 99.260002 0.118611 0.118719
58000.000000 0.000000 0.104453 99.099998 0.121506 0.118719
59000.000000 0.000000 0.080940 99.269997 0.114771 0.118719
60000.000000 0.000020 0.097466 99.110001 0.124408 0.118719
61000.000000 0.002599 0.112014 99.080002 0.123347 0.118719
62000.000000 0.002066 0.080428 99.229996 0.125867 0.118719
63000.000000 0.000001 0.075414 99.269997 0.106884 0.118719
64000.000000 0.000000 0.129239 99.110001 0.119234 0.118719
65000.000000 0.000000 0.114801 99.190002 0.102978 0.118719
66000.000000 0.000016 0.104700 99.159996 0.115722 0.118719
67000.000000 0.000000 0.097644 99.190002 0.122677 0.118719
68000.000000 0.000000 0.112452 99.159996 0.119467 0.118719
69000.000000 0.000000 0.119822 99.199997 0.121112 0.118719
70000.000000 0.000000 0.100506 99.049995 0.120580 0.118719
71000.000000 0.000000 0.109376 99.239998 0.121137 0.118719
72000.000000 0.000000 0.109959 99.150002 0.121750 0.118719
73000.000000 0.000000 0.121435 99.080002 0.110013 0.118719
74000.000000 0.000000 0.153845 99.040001 0.117251 0.118719
75000.000000 0.000000 0.133315 99.119995 0.122160 0.118719
76000.000000 0.000000 0.108929 99.260002 0.110094 0.118719
77000.000000 0.000000 0.137110 99.150002 0.117846 0.118719
78000.000000 0.000000 0.151559 99.150002 0.129113 0.118719
79000.000000 0.000000 0.145035 99.119995 0.116035 0.118719
80000.000000 0.058884 0.150943 99.129997 0.117258 0.118719
81000.000000 0.000000 0.127710 99.199997 0.117399 0.118719
82000.000000 0.000000 0.131585 99.260002 0.115575 0.118719
83000.000000 0.000000 0.122635 99.229996 0.131816 0.118719
84000.000000 0.000000 0.158442 99.119995 0.120472 0.118719
85000.000000 0.000000 0.135994 99.260002 0.125785 0.118719
86000.000000 0.000000 0.141938 99.150002 0.125093 0.118719
87000.000000 0.000000 0.162266 99.099998 0.118276 0.118719
88000.000000 0.000000 0.137783 99.250000 0.114096 0.118719
89000.000000 0.000000 0.149740 99.190002 0.109459 0.118719
90000.000000 0.000000 0.130818 99.290001 0.117797 0.118719
91000.000000 0.000000 0.153782 99.209999 0.120833 0.118719
92000.000000 0.000000 0.154972 99.239998 0.128416 0.118719
93000.000000 0.000000 0.136874 99.279999 0.119633 0.118719
94000.000000 0.000000 0.140656 99.330002 0.116913 0.118719
95000.000000 0.000000 0.141687 99.299995 0.117758 0.118719
96000.000000 0.000000 0.154713 99.320000 0.112510 0.118719
97000.000000 0.000000 0.172185 99.150002 0.112496 0.118719
98000.000000 0.000000 0.166778 99.199997 0.115347 0.118719
99000.000000 0.000000 0.127260 99.199997 0.125748 0.118719
